23570
23831
24275
24276
24669
23728
23696
23635
24835
22542
23556
23631
23699
23695
23691
26139
23749
23568
23557
23572
26146
23812
26150
23740
23741
23394
23770
26175
23692
23725
26197
23744
23832
24472
24473
24474
24836
24837
24844
26137
26168
23719
26183
26166
26148
26135
23688
26186
26151
26145
23627
26147
23686
26159
26162
23705
26229
26286
22616
22617
22974
22975
22976
24892
20611
26156
23793
24234
24235
24843
23743
26184
22486
24778
26161
26155
23415
23808
24668
23417
26205
23731
23748
22354
23824
22442
22443
22444
23020
23021
23022
23023
23024
24635
24636
24637
24638
24858
24867
23822
24895
23603
23604
23605
23606
23729
23608
23609
23610
23611
23681
22326
23732
22461
24848
23727
23711
26174
23830
24512
24513
24855
24856
23564
23848
26172
23717
26201
26198
26176
26203
22585
24754
26202
26199
23677
24237
24238
24239
24240
24241
24860
24866
24900
24901
23560
23406
24385
24386
24387
24388
24389
24390
24868
24871
24878
24879
24880
23577
26214
26173
26149
26200
23702
23623
23697
26263
26267
22639
23853
24311
24312
24313
24314
24315
24918
23834
24917
26232
26231
24675
23777
23614
23326
23819
24725
23615
23616
26264
26265
24726
23618
22874
22474
24884
22476
24885
24886
23751
24930
23811
23636
24915
23620
23778
24916
23602
24476
24925
24927
23323
23621
23875
23876
24514
24515
22510
23799
24304
24945
24727
23752
23768
22636
22637
22638
22931
22932
22933
22934
22935
23332
24631
24632
24852
24865
24677
23742
24739
24940
24690
24728
23869
24336
24337
26223
23628
24299
24719
23775
22517
22506
23774
23860
26291
26292
23328
23821
26290
24729
24749
23558
24734
24786
24963
24964
24971
25093
23836
24499
24500
24501
24932
24955
23626
26334
22501
23760
22448
22449
24859
24912
23754
23763
23810
23561
22646
22647
23060
23061
23145
23154
23155
23176
23187
23772
26333
23805
23472
23473
23474
23475
23559
22651
22652
23059
24851
23759
23482
23483
23484
23485
24600
24601
23773
22648
22649
23182
22930
23361
24853
24854
