# TEXT/SIMPLE
# elo ehi spectrum
3.0000000000000e-01 3.0999999998886e-01 1.9167279153130e-12
3.0999999998886e-01 3.1999999997772e-01 5.5340459608126e-12
3.1999999997772e-01 3.2999999996658e-01 1.4046624513725e-11
3.2999999996658e-01 3.3999999995544e-01 3.1983213860000e-11
3.3999999995544e-01 3.4999999994429e-01 6.6463753139907e-11
3.4999999994429e-01 3.5999999993315e-01 1.2571488319982e-10
3.5999999993315e-01 3.6999999992201e-01 2.2169288026445e-10
3.6999999992201e-01 3.7999999991087e-01 3.7252227825945e-10
3.7999999991087e-01 3.8999999989973e-01 5.9303349192862e-10
3.8999999989973e-01 3.9999999988859e-01 9.0028409663995e-10
3.9999999988859e-01 4.0999999987745e-01 1.1121305620377e-09
4.0999999987745e-01 4.1999999986631e-01 1.3345699820662e-09
4.1999999986631e-01 4.2999999985517e-01 1.8403637360483e-09
4.2999999985517e-01 4.3999999984403e-01 2.4627184732589e-09
4.3999999984403e-01 4.4999999983288e-01 3.2042719425860e-09
4.4999999983288e-01 4.5999999982174e-01 4.0703819531579e-09
4.5999999982174e-01 4.6999999981060e-01 5.0670605230405e-09
4.6999999981060e-01 4.7999999979946e-01 6.1869769121620e-09
4.7999999979946e-01 4.8999999978832e-01 7.4240199286496e-09
4.8999999978832e-01 4.9999999977718e-01 8.7695668330329e-09
4.9999999977718e-01 5.0999999976604e-01 1.0212927402048e-08
5.0999999976604e-01 5.1999999975490e-01 1.1741918305460e-08
5.1999999975490e-01 5.2999999974376e-01 1.3343281622239e-08
5.2999999974376e-01 5.3999999973261e-01 5.8095602742316e-09
5.3999999973261e-01 5.4999999972147e-01 2.5936994378319e-09
5.4999999972147e-01 5.5999999971033e-01 3.0645987752338e-09
5.5999999971033e-01 5.6999999969919e-01 3.5818454450857e-09
5.6999999969919e-01 5.7999999968805e-01 4.1444263344691e-09
5.7999999968805e-01 5.8999999967691e-01 4.7426982912408e-09
5.8999999967691e-01 5.9999999966577e-01 5.3807431434322e-09
5.9999999966577e-01 6.0999999965463e-01 6.0662031016969e-09
6.0999999965463e-01 6.1999999964349e-01 6.7878249290281e-09
6.1999999964349e-01 6.2999999963235e-01 7.5423788403183e-09
6.2999999963235e-01 6.3999999962120e-01 8.3263825502600e-09
6.3999999962120e-01 6.4999999961006e-01 9.1361957796080e-09
6.4999999961006e-01 6.5999999959892e-01 9.9680699627228e-09
6.5999999959892e-01 6.6999999958778e-01 1.0818227071177e-08
6.6999999958778e-01 6.7999999957664e-01 1.1682883040216e-08
6.7999999957664e-01 6.8999999956550e-01 1.2558341246229e-08
6.8999999956550e-01 6.9999999955436e-01 1.3440960660179e-08
6.9999999955436e-01 7.0999999954322e-01 1.4324721913370e-08
7.0999999954322e-01 7.1999999953208e-01 1.5208610272907e-08
7.1999999953208e-01 7.2999999952093e-01 1.4131729336278e-08
7.2999999952093e-01 7.3999999950979e-01 1.3129754473685e-08
7.3999999950979e-01 7.4999999949865e-01 1.3891628770487e-08
7.4999999949865e-01 7.5999999948751e-01 1.4652088535405e-08
7.5999999948751e-01 7.6999999947637e-01 1.5408924692757e-08
7.6999999947637e-01 7.7999999946523e-01 1.6160033007359e-08
7.7999999946523e-01 7.8999999945409e-01 1.6903476075372e-08
7.8999999945409e-01 7.9999999944295e-01 1.7633692508672e-08
7.9999999944295e-01 8.0999999943181e-01 1.8352607033091e-08
8.0999999943181e-01 8.1999999942067e-01 1.9062841252608e-08
8.1999999942067e-01 8.2999999940952e-01 1.9759184697253e-08
8.2999999940952e-01 8.3999999939838e-01 2.0440437829473e-08
8.3999999939838e-01 8.4999999938724e-01 2.1105569210630e-08
8.4999999938724e-01 8.5999999937610e-01 2.1416959261060e-08
8.5999999937610e-01 8.6999999936496e-01 2.1701979213440e-08
8.6999999936496e-01 8.7999999935382e-01 2.0506616611595e-08
8.7999999935382e-01 8.8999999934268e-01 1.9383476189740e-08
8.8999999934268e-01 8.9999999933154e-01 1.9937174282481e-08
8.9999999933154e-01 9.0999999932040e-01 2.0476711144466e-08
9.0999999932040e-01 9.1999999930925e-01 2.1001557640897e-08
9.1999999930925e-01 9.2999999929811e-01 2.1511309739769e-08
9.2999999929811e-01 9.3999999928697e-01 2.2005041174660e-08
9.3999999928697e-01 9.4999999927583e-01 2.2483024307788e-08
9.4999999927583e-01 9.5999999926469e-01 2.2945661362768e-08
9.5999999926469e-01 9.6999999925355e-01 2.3392194713303e-08
9.6999999925355e-01 9.7999999924241e-01 2.3822556516224e-08
9.7999999924241e-01 9.8999999923127e-01 2.4236708230043e-08
9.8999999923127e-01 9.9999999922013e-01 2.4634654576051e-08
9.9999999922013e-01 1.009999999209 2.5016440424141e-08
1.009999999209 1.019999999198 2.5382176944163e-08
1.019999999198 1.029999999187 2.5718943585039e-08
1.029999999187 1.039999999176 2.6039796891974e-08
1.039999999176 1.049999999164 2.6358339593020e-08
1.049999999164 1.059999999153 2.6661552605143e-08
1.059999999153 1.069999999142 2.6949676251386e-08
1.069999999142 1.079999999131 2.7193844707260e-08
1.079999999131 1.089999999120 2.7423440845462e-08
1.089999999120 1.099999999109 2.7668419839325e-08
1.099999999109 1.109999999098 2.7899484166723e-08
1.109999999098 1.119999999086 2.8116945372372e-08
1.119999999086 1.129999999075 2.8321136195155e-08
1.129999999075 1.139999999064 2.8512378586362e-08
1.139999999064 1.149999999053 2.8691016155146e-08
1.149999999053 1.159999999042 2.8857386650860e-08
1.159999999042 1.169999999031 2.9011829472104e-08
1.169999999031 1.179999999020 2.9154679950744e-08
1.179999999020 1.189999999008 2.9286298062672e-08
1.189999999008 1.199999998997 2.9407011953810e-08
1.199999998997 1.209999998986 2.9517163343318e-08
1.209999998986 1.219999998975 2.9617101384512e-08
1.219999998975 1.229999998964 2.9707144512652e-08
1.229999998964 1.239999998953 2.9787625931509e-08
1.239999998953 1.249999998942 2.9858875940449e-08
1.249999998942 1.259999998930 2.9921215354990e-08
1.259999998930 1.269999998919 2.9974955897950e-08
1.269999998919 1.279999998908 3.0020400571181e-08
1.279999998908 1.289999998897 3.0057866329270e-08
1.289999998897 1.299999998886 3.0087629576416e-08
1.299999998886 1.309999998875 3.0110003112142e-08
1.309999998875 1.319999998864 2.9615560663646e-08
1.319999998864 1.329999998852 2.9131223996464e-08
1.329999998852 1.339999998841 2.9150023757606e-08
1.339999998841 1.349999998830 2.9162345813867e-08
1.349999998830 1.359999998819 2.9168441544170e-08
1.359999998819 1.369999998808 2.9168550135808e-08
1.369999998808 1.379999998797 2.9162896232795e-08
1.379999998797 1.389999998786 2.9151719246622e-08
1.389999998786 1.399999998774 2.9135241334409e-08
1.399999998774 1.409999998763 2.9113665387673e-08
1.409999998763 1.419999998752 2.9087209267222e-08
1.419999998752 1.429999998741 2.9056071982337e-08
1.429999998741 1.439999998730 2.9020456341425e-08
1.439999998730 1.449999998719 2.8980547132418e-08
1.449999998719 1.459999998708 2.8936533299755e-08
1.459999998708 1.469999998696 2.8888591823225e-08
1.469999998696 1.479999998685 2.8836903947235e-08
1.479999998685 1.489999998674 2.8781628994886e-08
1.489999998674 1.499999998663 2.8722936177575e-08
1.499999998663 1.509999998652 2.8660976099314e-08
1.509999998652 1.519999998641 2.8595906781973e-08
1.519999998641 1.529999998630 2.8527873306822e-08
1.529999998630 1.539999998619 2.8457018264056e-08
1.539999998619 1.549999998607 2.8383479378222e-08
1.549999998607 1.559999998596 2.8307387265723e-08
1.559999998596 1.569999998585 2.8197995544370e-08
1.569999998585 1.579999998574 2.8086958703761e-08
1.579999998574 1.589999998563 2.8005014944787e-08
1.589999998563 1.599999998552 2.7920989625905e-08
1.599999998552 1.609999998541 2.7834986057560e-08
1.609999998541 1.619999998529 2.7747122536879e-08
1.619999998529 1.629999998518 2.7657490635553e-08
1.629999998518 1.639999998507 2.7566192489952e-08
1.639999998507 1.649999998496 2.7473326881866e-08
1.649999998496 1.659999998485 2.7378984918500e-08
1.659999998485 1.669999998474 2.7283252540459e-08
1.669999998474 1.679999998463 2.7186215086823e-08
1.679999998463 1.689999998451 2.7087952973099e-08
1.689999998451 1.699999998440 2.6988548317788e-08
1.699999998440 1.709999998429 2.6888076341767e-08
1.709999998429 1.719999998418 2.6786605637996e-08
1.719999998418 1.729999998407 2.6684208893999e-08
1.729999998407 1.739999998396 2.6580954406907e-08
1.739999998396 1.749999998385 2.6476904189724e-08
1.749999998385 1.759999998373 2.6372124422344e-08
1.759999998373 1.769999998362 2.6266667043067e-08
1.769999998362 1.779999998351 2.6160596425521e-08
1.779999998351 1.789999998340 2.6053964956155e-08
1.789999998340 1.799999998329 2.5946823384194e-08
1.799999998329 1.809999998318 2.5839222838046e-08
1.809999998318 1.819999998307 2.5731214800994e-08
1.819999998307 1.829999998295 2.5622841434296e-08
1.829999998295 1.839999998284 2.5514151256469e-08
1.839999998284 1.849999998273 2.5132630213362e-08
1.849999998273 1.859999998262 2.4759281185038e-08
1.859999998262 1.869999998251 2.4658431947257e-08
1.869999998251 1.879999998240 2.4557286132109e-08
1.879999998240 1.889999998229 2.4455881010348e-08
1.889999998229 1.899999998217 2.4354250898078e-08
1.899999998217 1.909999998206 2.4252432708989e-08
1.909999998206 1.919999998195 2.4150456840346e-08
1.919999998195 1.929999998184 2.4048358142508e-08
1.929999998184 1.939999998173 2.3946163319654e-08
1.939999998173 1.949999998162 2.3843903562339e-08
1.949999998162 1.959999998151 2.3741607380293e-08
1.959999998151 1.969999998139 2.3639300695169e-08
1.969999998139 1.979999998128 2.3537008654402e-08
1.979999998128 1.989999998117 2.3434755655328e-08
1.989999998117 1.999999998106 2.3332565368413e-08
1.999999998106 2.009999998095 2.3230462447446e-08
2.009999998095 2.019999998084 2.3128462436692e-08
2.019999998084 2.029999998073 2.3026592056333e-08
2.029999998073 2.039999998061 2.2924870633106e-08
2.039999998061 2.049999998050 2.2823311995620e-08
2.049999998050 2.059999998039 2.2721937697647e-08
2.059999998039 2.069999998028 2.2620762186627e-08
2.069999998028 2.079999998017 2.2519805900921e-08
2.079999998017 2.089999998006 2.2419082295510e-08
2.089999998006 2.099999997995 2.2318604417651e-08
2.099999997995 2.109999997983 2.2218386493435e-08
2.109999997983 2.119999997972 2.2118445450122e-08
2.119999997972 2.129999997961 2.2018789951795e-08
2.129999997961 2.139999997950 2.1919434558474e-08
2.139999997950 2.149999997939 2.1820390334148e-08
2.149999997939 2.159999997928 2.1721668005624e-08
2.159999997928 2.169999997917 2.1623277972504e-08
2.169999997917 2.179999997905 2.1525231819151e-08
2.179999997905 2.189999997894 2.1427533319894e-08
2.189999997894 2.199999997883 2.1330197968272e-08
2.199999997883 2.209999997872 2.1233230499443e-08
2.209999997872 2.219999997861 2.1136638408616e-08
2.219999997861 2.229999997850 2.1040431862131e-08
2.229999997850 2.239999997839 2.0944614941535e-08
2.239999997839 2.249999997827 2.0849195886754e-08
2.249999997827 2.259999997816 2.0754181257373e-08
2.259999997816 2.269999997805 2.0659575984922e-08
2.269999997805 2.279999997794 2.0565384832263e-08
2.279999997794 2.289999997783 2.0471615198543e-08
2.289999997783 2.299999997772 2.0378270080462e-08
2.299999997772 2.309999997761 2.0285353738726e-08
2.309999997761 2.319999997750 2.0192871658946e-08
2.319999997750 2.329999997738 2.0100826416753e-08
2.329999997738 2.339999997727 2.0009221838421e-08
2.339999997727 2.349999997716 1.9918062962695e-08
2.349999997716 2.359999997705 1.9827349299559e-08
2.359999997705 2.369999997694 1.9737086991745e-08
2.369999997694 2.379999997683 1.9647276692835e-08
2.379999997683 2.389999997672 1.9557920315292e-08
2.389999997672 2.399999997660 1.9469022302012e-08
2.399999997660 2.409999997649 1.9380583045307e-08
2.409999997649 2.419999997638 1.9292602886905e-08
2.419999997638 2.429999997627 1.9205084691357e-08
2.429999997627 2.439999997616 1.9118029937240e-08
2.439999997616 2.449999997605 1.9031438757580e-08
2.449999997605 2.459999997594 1.8945312505972e-08
2.459999997594 2.469999997582 1.8859652465256e-08
2.469999997582 2.479999997571 1.8709298614098e-08
2.479999997571 2.489999997560 1.8560769820974e-08
2.489999997560 2.499999997549 1.8478171257435e-08
2.499999997549 2.509999997538 1.8396017155177e-08
2.509999997538 2.519999997527 1.8314305207519e-08
2.519999997527 2.529999997516 1.8233039192701e-08
2.529999997516 2.539999997504 1.8152216734577e-08
2.539999997504 2.549999997493 1.8071837875534e-08
2.549999997493 2.559999997482 1.7991902622556e-08
2.559999997482 2.569999997471 1.7912409761732e-08
2.569999997471 2.579999997460 1.7833361612677e-08
2.579999997460 2.589999997449 1.7754755716104e-08
2.589999997449 2.599999997438 1.7676590800923e-08
2.599999997438 2.609999997426 1.7598867912766e-08
2.609999997426 2.619999997415 1.7521584579077e-08
2.619999997415 2.629999997404 1.7444741793482e-08
2.629999997404 2.639999997393 1.7368335929116e-08
2.639999997393 2.649999997382 1.7292369084766e-08
2.649999997382 2.659999997371 1.7216837635403e-08
2.659999997371 2.669999997360 1.7141742497354e-08
2.669999997360 2.679999997348 1.7067080067251e-08
2.679999997348 2.689999997337 1.6992851234980e-08
2.689999997337 2.699999997326 1.6919053525213e-08
2.699999997326 2.709999997315 1.6845684485890e-08
2.709999997315 2.719999997304 1.6772744970104e-08
2.719999997304 2.729999997293 1.6700231431552e-08
2.729999997293 2.739999997282 1.6628143617942e-08
2.739999997282 2.749999997270 1.6556479100688e-08
2.749999997270 2.759999997259 1.6485236545727e-08
2.759999997259 2.769999997248 1.6414413553808e-08
2.769999997248 2.779999997237 1.6344009869295e-08
2.779999997237 2.789999997226 1.6274023105698e-08
2.789999997226 2.799999997215 1.6204449849835e-08
2.799999997215 2.809999997204 1.6135289865119e-08
2.809999997204 2.819999997192 1.6066541855653e-08
2.819999997192 2.829999997181 1.5997274239832e-08
2.829999997181 2.839999997170 1.5928429503091e-08
2.839999997170 2.849999997159 1.5860923027959e-08
2.849999997159 2.859999997148 1.5793819166557e-08
2.859999997148 2.869999997137 1.5727116693480e-08
2.869999997137 2.879999997126 1.5660813376315e-08
2.879999997126 2.889999997114 1.5594907003808e-08
2.889999997114 2.899999997103 1.5529394387533e-08
2.899999997103 2.909999997092 1.5464274365711e-08
2.909999997092 2.919999997081 1.5399545777246e-08
2.919999997081 2.929999997070 1.5335204511395e-08
2.929999997070 2.939999997059 1.5271250430683e-08
2.939999997059 2.949999997048 1.5207679483231e-08
2.949999997048 2.959999997036 1.5144490582243e-08
2.959999997036 2.969999997025 1.5081681676589e-08
2.969999997025 2.979999997014 1.5019250734111e-08
2.979999997014 2.989999997003 1.4957194786002e-08
2.989999997003 2.999999996992 1.4895510900205e-08
2.999999996992 3.009999996981 1.4834199019575e-08
3.009999996981 3.019999996970 1.4773256243378e-08
3.019999996970 3.029999996958 1.4712678769167e-08
3.029999996958 3.039999996947 1.4652466578904e-08
3.039999996947 3.049999996936 1.4592615922146e-08
3.049999996936 3.059999996925 1.4533124948597e-08
3.059999996925 3.069999996914 1.4473991824346e-08
3.069999996914 3.079999996903 1.4415214731708e-08
3.079999996903 3.089999996892 1.4356790046246e-08
3.089999996892 3.099999996881 1.4298716914536e-08
3.099999996881 3.109999996869 1.4240991772719e-08
3.109999996869 3.119999996858 1.4183613801909e-08
3.119999996858 3.129999996847 1.4126580392025e-08
3.129999996847 3.139999996836 1.4069888073380e-08
3.139999996836 3.149999996825 1.4013536082891e-08
3.149999996825 3.159999996814 1.3957521890077e-08
3.159999996814 3.169999996803 1.3901843872901e-08
3.169999996803 3.179999996791 1.3846498673571e-08
3.179999996791 3.189999996780 1.3791483849824e-08
3.189999996780 3.199999996769 1.3736799588399e-08
3.199999996769 3.209999996758 1.3674633574669e-08
3.209999996758 3.219999996747 1.3612907414370e-08
3.219999996747 3.229999996736 1.3559353814770e-08
3.229999996736 3.239999996725 1.3506119147241e-08
3.239999996725 3.249999996713 1.3453201126468e-08
3.249999996713 3.259999996702 1.3400596649187e-08
3.259999996702 3.269999996691 1.3348304333427e-08
3.269999996691 3.279999996680 1.3296322807754e-08
3.279999996680 3.289999996669 1.3244648211931e-08
3.289999996669 3.299999996658 1.3193280057272e-08
3.299999996658 3.309999996647 1.3142215372862e-08
3.309999996647 3.319999996635 1.3091452870731e-08
3.319999996635 3.329999996624 1.3040989634758e-08
3.329999996624 3.339999996613 1.2990824416780e-08
3.339999996613 3.349999996602 1.2940954353985e-08
3.349999996602 3.359999996591 1.2891378236763e-08
3.359999996591 3.369999996580 1.2842093254197e-08
3.369999996580 3.379999996569 1.2793097432528e-08
3.379999996569 3.389999996557 1.2744389617710e-08
3.389999996557 3.399999996546 1.2695967074023e-08
3.399999996546 3.409999996535 1.2647828683046e-08
3.409999996535 3.419999996524 1.2599970969481e-08
3.419999996524 3.429999996513 1.2552393644113e-08
3.429999996513 3.439999996502 1.2505094066924e-08
3.439999996502 3.449999996491 1.2458069630805e-08
3.449999996491 3.459999996479 1.2411319311258e-08
3.459999996479 3.469999996468 1.2364841318215e-08
3.469999996468 3.479999996457 1.2318633111903e-08
3.479999996457 3.489999996446 1.2272692183892e-08
3.489999996446 3.499999996435 1.2227018343903e-08
3.499999996435 3.509999996424 1.2181608357470e-08
3.509999996424 3.519999996413 1.2136461301492e-08
3.519999996413 3.529999996401 1.2091575504917e-08
3.529999996401 3.539999996390 1.2046947813792e-08
3.539999996390 3.549999996379 1.2002577356795e-08
3.549999996379 3.559999996368 1.1958461779024e-08
3.559999996368 3.569999996357 1.1914600236298e-08
3.569999996357 3.579999996346 1.1870989674306e-08
3.579999996346 3.589999996335 1.1827629284032e-08
3.589999996335 3.599999996323 1.1784517528106e-08
3.599999996323 3.609999996312 1.1741651425968e-08
3.609999996312 3.619999996301 1.1699030214967e-08
3.619999996301 3.629999996290 1.1656652412280e-08
3.629999996290 3.639999996279 1.1614515108335e-08
3.639999996279 3.649999996268 1.1572617584708e-08
3.649999996268 3.659999996257 1.1530957695641e-08
3.659999996257 3.669999996245 1.1489534033074e-08
3.669999996245 3.679999996234 1.1448345202776e-08
3.679999996234 3.689999996223 1.1407388410516e-08
3.689999996223 3.699999996212 1.1366663713876e-08
3.699999996212 3.709999996201 1.1326167654841e-08
3.709999996201 3.719999996190 1.1285899615729e-08
3.719999996190 3.729999996179 1.1245858284781e-08
3.729999996179 3.739999996167 1.1206041669506e-08
3.739999996167 3.749999996156 1.1166447800445e-08
3.749999996156 3.759999996145 1.1127076107024e-08
3.759999996145 3.769999996134 1.1087923963734e-08
3.769999996134 3.779999996123 1.1048990143495e-08
3.779999996123 3.789999996112 1.1010273430742e-08
3.789999996112 3.799999996101 1.0971771943597e-08
3.799999996101 3.809999996089 1.0933484496799e-08
3.809999996089 3.819999996078 1.0895409243456e-08
3.819999996078 3.829999996067 1.0857544357620e-08
3.829999996067 3.839999996056 1.0819889369279e-08
3.839999996056 3.849999996045 1.0782442478601e-08
3.849999996045 3.859999996034 1.0745201243312e-08
3.859999996034 3.869999996023 1.0708165891931e-08
3.869999996023 3.879999996012 1.0671333354297e-08
3.879999996012 3.889999996000 1.0634703220794e-08
3.889999996000 3.899999995989 1.0598273775768e-08
3.899999995989 3.909999995978 1.0562043322643e-08
3.909999995978 3.919999995967 1.0526011480108e-08
3.919999995967 3.929999995956 1.0490175283093e-08
3.929999995956 3.939999995945 1.0454534377845e-08
3.939999995945 3.949999995934 1.0419087768826e-08
3.949999995934 3.959999995922 1.0383833191496e-08
3.959999995922 3.969999995911 1.0348769681483e-08
3.969999995911 3.979999995900 1.0313895648482e-08
3.979999995900 3.989999995889 1.0279210151553e-08
3.989999995889 3.999999995878 1.0244711628090e-08
3.999999995878 4.009999995867 1.0210399159941e-08
4.009999995867 4.019999995856 1.0176271211519e-08
4.019999995856 4.029999995844 1.0142326263841e-08
4.029999995844 4.039999995833 1.0108562814298e-08
4.039999995833 4.049999995822 1.0071876904431e-08
4.049999995822 4.059999995811 1.0035409283271e-08
4.059999995811 4.069999995800 1.0002241850083e-08
4.069999995800 4.079999995789 9.9692502756045e-09
4.079999995789 4.089999995778 9.9364337430232e-09
4.089999995778 4.099999995766 9.9037908343099e-09
4.099999995766 4.109999995755 9.8713207522261e-09
4.109999995755 4.119999995744 9.8390221023173e-09
4.119999995744 4.129999995733 9.8068941064100e-09
4.129999995733 4.139999995722 9.7749347936069e-09
4.139999995722 4.149999995711 9.7431440079101e-09
4.149999995711 4.159999995700 9.7115192096407e-09
4.159999995700 4.169999995688 9.6800608561289e-09
4.169999995688 4.179999995677 9.6487664377459e-09
4.179999995677 4.189999995666 9.6176358318725e-09
4.189999995666 4.199999995655 9.5866671516035e-09
4.199999995655 4.209999995644 9.5558597020017e-09
4.209999995644 4.219999995633 9.5252127934314e-09
4.219999995633 4.229999995622 9.4947245789191e-09
4.229999995622 4.239999995610 9.4643938117046e-09
4.239999995610 4.249999995599 9.4342204126134e-09
4.249999995599 4.259999995588 9.4042025732643e-09
4.259999995588 4.269999995577 9.3743396526387e-09
4.269999995577 4.279999995566 9.3446298712613e-09
4.279999995566 4.289999995555 9.3150731786426e-09
4.289999995555 4.299999995544 9.2856678178413e-09
4.299999995544 4.309999995532 9.2564131833378e-09
4.309999995532 4.319999995521 9.2273081099245e-09
4.319999995521 4.329999995510 9.1983514441593e-09
4.329999995510 4.339999995499 9.1695426045446e-09
4.339999995499 4.349999995488 9.1408798967263e-09
4.349999995488 4.359999995477 9.1123627583639e-09
4.359999995477 4.369999995466 9.0839900762093e-09
4.369999995466 4.379999995454 9.0557613011206e-09
4.379999995454 4.389999995443 9.0276753365391e-09
4.389999995443 4.399999995432 8.9997305473830e-09
4.399999995432 4.409999995421 8.9719269593797e-09
4.409999995421 4.419999995410 8.9442629570677e-09
4.419999995410 4.429999995399 8.9167374867114e-09
4.429999995399 4.439999995388 8.8893505896395e-09
4.439999995388 4.449999995376 8.8621001410962e-09
4.449999995376 4.459999995365 8.8349861959006e-09
4.459999995365 4.469999995354 8.8080071936725e-09
4.469999995354 4.479999995343 8.7811626617342e-09
4.479999995343 4.489999995332 8.7544515967126e-09
4.489999995332 4.499999995321 8.7278730049664e-09
4.499999995321 4.509999995310 8.7014259025355e-09
4.509999995310 4.519999995298 8.6751098436284e-09
4.519999995298 4.529999995287 8.6489233312217e-09
4.529999995287 4.539999995276 8.6228659349641e-09
4.539999995276 4.549999995265 8.5969372270588e-09
4.549999995265 4.559999995254 8.5711357382614e-09
4.559999995254 4.569999995243 8.5454605353129e-09
4.569999995243 4.579999995232 8.5199112126633e-09
4.579999995232 4.589999995220 8.4944868499557e-09
4.589999995220 4.599999995209 8.4691860200758e-09
4.599999995209 4.609999995198 8.4440093667171e-09
4.609999995198 4.619999995187 8.4189544489231e-09
4.619999995187 4.629999995176 8.3940214071022e-09
4.629999995176 4.639999995165 8.3692093590155e-09
4.639999995165 4.649999995154 8.3445174307376e-09
4.649999995154 4.659999995142 8.3199447565770e-09
4.659999995142 4.669999995131 8.2954904789486e-09
4.669999995131 4.679999995120 8.2711537483205e-09
4.679999995120 4.689999995109 8.2469347259687e-09
4.689999995109 4.699999995098 8.2228315691680e-09
4.699999995098 4.709999995087 8.1988439503750e-09
4.709999995087 4.719999995076 8.1749710467831e-09
4.719999995076 4.729999995065 8.1512120432306e-09
4.729999995065 4.739999995053 8.1275661320902e-09
4.739999995053 4.749999995042 8.1040334979842e-09
4.749999995042 4.759999995031 8.0806123574083e-09
4.759999995031 4.769999995020 8.0573019249079e-09
4.769999995020 4.779999995009 8.0341023981759e-09
4.779999995009 4.789999994998 8.0110125108340e-09
4.789999994998 4.799999994987 7.9880314944820e-09
4.799999994987 4.809999994975 7.9651590713843e-09
4.809999994975 4.819999994964 7.9423940005865e-09
4.819999994964 4.829999994953 7.9197360152855e-09
4.829999994953 4.839999994942 7.8971843704320e-09
4.839999994942 4.849999994931 7.8747383277049e-09
4.849999994931 4.859999994920 7.8523971554742e-09
4.859999994920 4.869999994909 7.8301601286886e-09
4.869999994909 4.879999994897 7.8080270025550e-09
4.879999994897 4.889999994886 7.7859965885045e-09
4.889999994886 4.899999994875 7.7640686518219e-09
4.899999994875 4.909999994864 7.7422420194502e-09
4.909999994864 4.919999994853 7.7205169347260e-09
4.919999994853 4.929999994842 7.6988917688404e-09
4.929999994842 4.939999994831 7.6773667720289e-09
4.939999994831 4.949999994819 7.6559407973057e-09
4.949999994819 4.959999994808 7.6346131719186e-09
4.959999994808 4.969999994797 7.6133836905499e-09
4.969999994797 4.979999994786 7.5922512281240e-09
4.979999994786 4.989999994775 7.5712160472491e-09
4.989999994775 4.999999994764 7.5502765756402e-09
4.999999994764 5.009999994753 7.5294326259091e-09
5.009999994753 5.019999994741 7.5086835561903e-09
5.019999994741 5.029999994730 7.4880291838367e-09
5.029999994730 5.039999994719 7.4674679695790e-09
5.039999994719 5.049999994708 7.4470001941666e-09
5.049999994708 5.059999994697 7.4266252339750e-09
5.059999994697 5.069999994686 7.4063420222601e-09
5.069999994686 5.079999994675 7.3861508444456e-09
5.079999994675 5.089999994663 7.3660497511772e-09
5.089999994663 5.099999994652 7.3460394818560e-09
5.099999994652 5.109999994641 7.3261189920581e-09
5.109999994641 5.119999994630 7.3062876897277e-09
5.119999994630 5.129999994619 7.2865454289284e-09
5.129999994619 5.139999994608 7.2668907444130e-09
5.139999994608 5.149999994597 7.2473239400432e-09
5.149999994597 5.159999994585 7.2278444401009e-09
5.159999994585 5.169999994574 7.2084512376110e-09
5.169999994574 5.179999994563 7.1891442051644e-09
5.179999994563 5.189999994552 7.1699227815732e-09
5.189999994552 5.199999994541 7.1507864103854e-09
5.199999994541 5.209999994530 7.1317345398603e-09
5.209999994530 5.219999994519 7.1127666228988e-09
5.219999994519 5.229999994507 7.0938821170064e-09
5.229999994507 5.239999994496 7.0750804842326e-09
5.239999994496 5.249999994485 7.0563616178243e-09
5.249999994485 5.259999994474 7.0377245598063e-09
5.259999994474 5.269999994463 7.0191692099944e-09
5.269999994463 5.279999994452 7.0006946215576e-09
5.279999994452 5.289999994441 6.9823007007173e-09
5.289999994441 5.299999994429 6.9639869325088e-09
5.299999994429 5.309999994418 6.9457528062243e-09
5.309999994418 5.319999994407 6.9275978153888e-09
5.319999994407 5.329999994396 6.9095210401627e-09
5.329999994396 5.339999994385 6.8915228185832e-09
5.339999994385 5.349999994374 6.8736022379304e-09
5.349999994374 5.359999994363 6.8557592223950e-09
5.359999994363 5.369999994351 6.8379924564947e-09
5.369999994351 5.379999994340 6.8203022855155e-09
5.379999994340 5.389999994329 6.8026882280958e-09
5.389999994329 5.399999994318 6.7851493969926e-09
5.399999994318 5.409999994307 6.7676857306352e-09
5.409999994307 5.419999994296 6.7502963516643e-09
5.419999994296 5.429999994285 6.7329816105419e-09
5.429999994285 5.439999994273 6.7157402309036e-09
5.439999994273 5.449999994262 6.6985721619817e-09
5.449999994262 5.459999994251 6.6814769490558e-09
5.459999994251 5.469999994240 6.6644541410734e-09
5.469999994240 5.479999994229 6.6475036918658e-09
5.479999994229 5.489999994218 6.6306243540046e-09
5.489999994218 5.499999994207 6.6138164887015e-09
5.499999994207 5.509999994196 6.5970792579265e-09
5.509999994196 5.519999994184 6.5804126255166e-09
5.519999994184 5.529999994173 6.5638157624753e-09
5.529999994173 5.539999994162 6.5472882424021e-09
5.539999994162 5.549999994151 6.5308300363360e-09
5.549999994151 5.559999994140 6.5144407215615e-09
5.559999994140 5.569999994129 6.4981198787219e-09
5.569999994129 5.579999994118 6.4818667007380e-09
5.579999994118 5.589999994106 6.4656815578818e-09
5.589999994106 5.599999994095 6.4495632595700e-09
5.599999994095 5.609999994084 6.4335117905104e-09
5.609999994084 5.619999994073 6.4175267475523e-09
5.619999994073 5.629999994062 6.4016077307203e-09
5.629999994062 5.639999994051 6.3857547282311e-09
5.639999994051 5.649999994040 6.3699665751842e-09
5.649999994040 5.659999994028 6.3542436500689e-09
5.659999994028 5.669999994017 6.3385851801583e-09
5.669999994017 5.679999994006 6.3229911620065e-09
5.679999994006 5.689999993995 6.3074608308233e-09
5.689999993995 5.699999993984 6.2919938078996e-09
5.699999993984 5.709999993973 6.2765900957967e-09
5.709999993973 5.719999993962 6.2612493187808e-09
5.719999993962 5.729999993950 6.2459707275551e-09
5.729999993950 5.739999993939 6.2307543304793e-09
5.739999993939 5.749999993928 6.2155997603992e-09
5.749999993928 5.759999993917 6.2005062793186e-09
5.759999993917 5.769999993906 6.1854742739081e-09
5.769999993906 5.779999993895 6.1705026389865e-09
5.779999993895 5.789999993884 6.1555913921179e-09
5.789999993884 5.799999993872 6.1407405498972e-09
5.799999993872 5.809999993861 6.1259490207817e-09
5.809999993861 5.819999993850 6.1112168276169e-09
5.819999993850 5.829999993839 6.0965439922402e-09
5.829999993839 5.839999993828 6.0819298028072e-09
5.839999993828 5.849999993817 6.0673739191092e-09
5.849999993817 5.859999993806 6.0528760035004e-09
5.859999993806 5.869999993794 6.0384360845407e-09
5.869999993794 5.879999993783 6.0240534641839e-09
5.879999993783 5.889999993772 6.0097278123358e-09
5.889999993772 5.899999993761 5.9954591623827e-09
5.899999993761 5.909999993750 5.9812468263658e-09
5.909999993750 5.919999993739 5.9670908407991e-09
5.919999993739 5.929999993728 5.9529908827258e-09
5.929999993728 5.939999993716 5.9389462740324e-09
5.939999993716 5.949999993705 5.9249570558014e-09
5.949999993705 5.959999993694 5.9110229121880e-09
5.959999993694 5.969999993683 5.8971435296878e-09
5.969999993683 5.979999993672 5.8833182429663e-09
5.979999993672 5.989999993661 5.8695470989474e-09
5.989999993661 5.999999993650 5.8555873086435e-09
5.999999993650 6.009999993638 5.8416832592733e-09
6.009999993638 6.019999993627 5.8280756136080e-09
6.019999993627 6.029999993616 5.8145212344802e-09
6.029999993616 6.039999993605 5.8010191234885e-09
6.039999993605 6.049999993594 5.7875696841759e-09
6.049999993594 6.059999993583 5.7741722732475e-09
6.059999993583 6.069999993572 5.7608262528303e-09
6.069999993572 6.079999993560 5.7475323737451e-09
6.079999993560 6.089999993549 5.7342893090399e-09
6.089999993549 6.099999993538 5.7210971204174e-09
6.099999993538 6.109999993527 5.7079558683864e-09
6.109999993527 6.119999993516 5.6948652696906e-09
6.119999993516 6.129999993505 5.6818243595170e-09
6.129999993505 6.139999993494 5.6688335454524e-09
6.139999993494 6.149999993482 5.6558925502831e-09
6.149999993482 6.159999993471 5.6430007593634e-09
6.159999993471 6.169999993460 5.6301579018066e-09
6.169999993460 6.179999993449 5.6173640464865e-09
6.179999993449 6.189999993438 5.6046189240232e-09
6.189999993438 6.199999993427 5.5919219306489e-09
6.199999993427 6.209999993416 5.5792731386416e-09
6.209999993416 6.219999993404 5.5666719495547e-09
6.219999993404 6.229999993393 5.5541187718171e-09
6.229999993393 6.239999993382 5.5416126767365e-09
6.239999993382 6.249999993371 5.5291534084580e-09
6.249999993371 6.259999993360 5.5167413763013e-09
6.259999993360 6.269999993349 5.5043759925392e-09
6.269999993349 6.279999993338 5.4920566742609e-09
6.279999993338 6.289999993327 5.4797835021781e-09
6.289999993327 6.299999993315 5.4675562270803e-09
6.299999993315 6.309999993304 5.4553749294291e-09
6.309999993304 6.319999993293 5.4432387068774e-09
6.319999993293 6.329999993282 5.4311476440754e-09
6.329999993282 6.339999993271 5.4191014986906e-09
6.339999993271 6.349999993260 5.4071003550538e-09
6.349999993260 6.359999993249 5.3951433235081e-09
6.359999993249 6.369999993237 5.3832308159559e-09
6.369999993237 6.379999993226 5.3713622717548e-09
6.379999993226 6.389999993215 5.3595374568587e-09
6.389999993215 6.399999993204 5.3477561388417e-09
6.399999993204 6.409999993193 5.3360184074992e-09
6.409999993193 6.419999993182 5.3243237115388e-09
6.419999993182 6.429999993171 5.3126718232883e-09
6.429999993171 6.439999993159 5.3010628351506e-09
6.439999993159 6.449999993148 5.2894962026577e-09
6.449999993148 6.459999993137 5.2779717027992e-09
6.459999993137 6.469999993126 5.2664894304652e-09
6.469999993126 6.479999993115 5.2550488478943e-09
6.479999993115 6.489999993104 5.2436500515936e-09
6.489999993104 6.499999993093 5.2322925081922e-09
6.499999993093 6.509999993081 5.2209763157737e-09
6.509999993081 6.519999993070 5.2097009453016e-09
6.519999993070 6.529999993059 5.1984664963986e-09
6.529999993059 6.539999993048 5.1872724442945e-09
6.539999993048 6.549999993037 5.1761192009909e-09
6.549999993037 6.559999993026 5.1650056235091e-09
6.559999993026 6.569999993015 5.1539324355124e-09
6.569999993015 6.579999993003 5.1428988097368e-09
6.579999993003 6.589999992992 5.1319048502117e-09
6.589999992992 6.599999992981 5.1209503521520e-09
6.599999992981 6.609999992970 5.1100348053005e-09
6.609999992970 6.619999992959 5.0991586219406e-09
6.619999992959 6.629999992948 5.0883209883364e-09
6.629999992948 6.639999992937 5.0775220119448e-09
6.639999992937 6.649999992925 5.0667614947010e-09
6.649999992925 6.659999992914 5.0560389363089e-09
6.659999992914 6.669999992903 5.0453547490726e-09
6.669999992903 6.679999992892 5.0347084346333e-09
6.679999992892 6.689999992881 5.0240994985192e-09
6.689999992881 6.699999992870 5.0135283529775e-09
6.699999992870 6.709999992859 5.0029942051032e-09
6.709999992859 6.719999992847 4.9924974670789e-09
6.719999992847 6.729999992836 4.9820373510599e-09
6.729999992836 6.739999992825 4.9716142691427e-09
6.739999992825 6.749999992814 4.9612277362529e-09
6.749999992814 6.759999992803 4.9508775682107e-09
6.759999992803 6.769999992792 4.9405635820214e-09
6.769999992792 6.779999992781 4.9302855959028e-09
6.779999992781 6.789999992769 4.9200434292406e-09
6.789999992769 6.799999992758 4.9098371972440e-09
6.799999992758 6.809999992747 4.8996664257525e-09
6.809999992747 6.819999992736 4.8895309376610e-09
6.819999992736 6.829999992725 4.8794305569972e-09
6.829999992725 6.839999992714 4.8693654011109e-09
6.839999992714 6.849999992703 4.8593347113247e-09
6.849999992703 6.859999992691 4.8493388988122e-09
6.859999992691 6.869999992680 4.8393777902763e-09
6.869999992680 6.879999992669 4.8294509237796e-09
6.879999992669 6.889999992658 4.8195581300550e-09
6.889999992658 6.899999992647 4.8096992409106e-09
6.899999992647 6.909999992636 4.7998743771845e-09
6.909999992636 6.919999992625 4.7900833710539e-09
6.919999992625 6.929999992613 4.7803257689772e-09
6.929999992613 6.939999992602 4.7706014070328e-09
6.939999992602 6.949999992591 4.7609104079199e-09
6.949999992591 6.959999992580 4.7512523230231e-09
6.959999992580 6.969999992569 4.7416269915271e-09
6.969999992569 6.979999992558 4.7320348212824e-09
6.979999992558 6.989999992547 4.7224750835146e-09
6.989999992547 6.999999992535 4.7129476204420e-09
6.999999992535 7.009999992524 4.7034525573651e-09
7.009999992524 7.019999992513 4.6939894552478e-09
7.019999992513 7.029999992502 4.6845584402143e-09
7.029999992502 7.039999992491 4.6751593567097e-09
7.039999992491 7.049999992480 4.6657920501473e-09
7.049999992480 7.059999992469 4.6564560876747e-09
7.059999992469 7.069999992458 4.6471513183299e-09
7.069999992458 7.079999992446 4.6378781483175e-09
7.079999992446 7.089999992435 4.6286358700867e-09
7.089999992435 7.099999992424 4.6194246124829e-09
7.099999992424 7.109999992413 4.6102439501698e-09
7.109999992413 7.119999992402 4.6010942886053e-09
7.119999992402 7.129999992391 4.5757521481839e-09
7.129999992391 7.139999992380 4.5506192041227e-09
7.139999992380 7.149999992368 4.5417381020048e-09
7.149999992368 7.159999992357 4.5328859239232e-09
7.159999992357 7.169999992346 4.5240625330344e-09
7.169999992346 7.179999992335 4.5152675207545e-09
7.179999992335 7.189999992324 4.5065012976289e-09
7.189999992324 7.199999992313 4.4977634561886e-09
7.199999992313 7.209999992302 4.4890535919467e-09
7.209999992302 7.219999992290 4.4803721146679e-09
7.219999992290 7.229999992279 4.4717186209528e-09
7.229999992279 7.239999992268 4.4630929797073e-09
7.239999992268 7.249999992257 4.4544950606377e-09
7.249999992257 7.259999992246 4.4459247342326e-09
7.259999992246 7.269999992235 4.4373821395497e-09
7.269999992235 7.279999992224 4.4288666125745e-09
7.279999992224 7.289999992212 4.4203785611610e-09
7.289999992212 7.299999992201 4.4119175911387e-09
7.299999992201 7.309999992190 4.4034838425555e-09
7.309999992190 7.319999992179 4.3950766586569e-09
7.319999992179 7.329999992168 4.3866964461561e-09
7.329999992168 7.339999992157 4.3783428159982e-09
7.339999992157 7.349999992146 4.3700159091579e-09
7.349999992146 7.359999992134 4.3617153390937e-09
7.359999992134 7.369999992123 4.3534409846416e-09
7.369999992123 7.379999992112 4.3451929874282e-09
7.379999992112 7.389999992101 4.3369712262067e-09
7.389999992101 7.399999992090 4.3287750583171e-09
7.399999992090 7.409999992079 4.3206051486607e-09
7.409999992079 7.419999992068 4.3124605964427e-09
7.419999992068 7.429999992056 4.3043420649500e-09
7.429999992056 7.439999992045 4.2962486578016e-09
7.439999992045 7.449999992034 4.2881810366672e-09
7.449999992034 7.459999992023 4.2801385676086e-09
7.459999992023 7.469999992012 4.2721211364804e-09
7.469999992012 7.479999992001 4.2641291439678e-09
7.479999992001 7.489999991990 4.2561617045543e-09
7.489999991990 7.499999991978 4.2482194758732e-09
7.499999991978 7.509999991967 4.2403018322934e-09
7.509999991967 7.519999991956 4.2324089181201e-09
7.519999991956 7.529999991945 4.2245406217342e-09
7.529999991945 7.539999991934 4.2166965780029e-09
7.539999991934 7.549999991923 4.2088771854026e-09
7.549999991923 7.559999991912 4.2010818264171e-09
7.559999991912 7.569999991900 4.1933103934442e-09
7.569999991900 7.579999991889 4.1855632839820e-09
7.579999991889 7.589999991878 4.1778401370556e-09
7.589999991878 7.599999991867 4.1701405942223e-09
7.599999991867 7.609999991856 4.1624648011834e-09
7.609999991856 7.619999991845 4.1548126520142e-09
7.619999991845 7.629999991834 4.1471840414092e-09
7.629999991834 7.639999991822 4.1395788646653e-09
7.639999991822 7.649999991811 4.1319970176877e-09
7.649999991811 7.659999991800 4.1244383969736e-09
7.659999991800 7.669999991789 4.1169028996258e-09
7.669999991789 7.679999991778 4.1093904233254e-09
7.679999991778 7.689999991767 4.1019008663538e-09
7.689999991767 7.699999991756 4.0944341275630e-09
7.699999991756 7.709999991744 4.0869903525684e-09
7.709999991744 7.719999991733 4.0795689485696e-09
7.719999991733 7.729999991722 4.0721465173582e-09
7.729999991722 7.739999991711 4.0647465925379e-09
7.739999991711 7.749999991700 4.0573927782988e-09
7.749999991700 7.759999991689 4.0500614301337e-09
7.759999991689 7.769999991678 4.0427519626017e-09
7.769999991678 7.779999991666 4.0354647664558e-09
7.779999991666 7.789999991655 4.0281995017165e-09
7.789999991655 7.799999991644 4.0209560728573e-09
7.799999991644 7.809999991633 4.0137343848910e-09
7.809999991633 7.819999991622 4.0065345846017e-09
7.819999991622 7.829999991611 3.9993560951590e-09
7.829999991611 7.839999991600 3.9921995455600e-09
7.839999991600 7.849999991589 3.9850641205559e-09
7.849999991589 7.859999991577 3.9779502080837e-09
7.859999991577 7.869999991566 3.9708574759657e-09
7.869999991566 7.879999991555 3.9637858328959e-09
7.879999991555 7.889999991544 3.9567354262560e-09
7.889999991544 7.899999991533 3.9497059267201e-09
7.899999991533 7.909999991522 3.9426972445007e-09
7.909999991522 7.919999991511 3.9357095272076e-09
7.919999991511 7.929999991499 3.9287424483119e-09
7.929999991499 7.939999991488 3.9217961555579e-09
7.939999991488 7.949999991477 3.9148703242639e-09
7.949999991477 7.959999991466 3.9079651023093e-09
7.959999991466 7.969999991455 3.9010801668334e-09
7.969999991455 7.979999991444 3.8942156658432e-09
7.979999991444 7.989999991433 3.8873712782854e-09
7.989999991433 7.999999991421 3.8805469187721e-09
7.999999991421 8.009999991410 3.8737427354763e-09
8.009999991410 8.019999991399 3.8669586426978e-09
8.019999991399 8.029999991388 3.8601943229494e-09
8.029999991388 8.039999991377 3.8534499245578e-09
8.039999991377 8.049999991366 3.8467253632227e-09
8.049999991366 8.059999991355 3.8400203240875e-09
8.059999991355 8.069999991343 3.8333347250007e-09
8.069999991343 8.079999991332 3.8266687144648e-09
8.079999991332 8.089999991321 3.8200222100068e-09
8.089999991321 8.099999991310 3.8133951295969e-09
8.099999991310 8.109999991299 3.8067871626675e-09
8.109999991299 8.119999991288 3.8001984578716e-09
8.119999991288 8.129999991277 3.7936287063341e-09
8.129999991277 8.139999991265 3.7870782845520e-09
8.139999991265 8.149999991254 3.7805466567347e-09
8.149999991254 8.159999991243 3.7740337446808e-09
8.159999991243 8.169999991232 3.7675399237832e-09
8.169999991232 8.179999991221 3.7610646619308e-09
8.179999991221 8.189999991210 3.7546081079760e-09
8.189999991210 8.199999991199 3.7481701842206e-09
8.199999991199 8.209999991187 3.7417505883694e-09
8.209999991187 8.219999991176 3.7353496939619e-09
8.219999991176 8.229999991165 3.7289669749067e-09
8.229999991165 8.239999991154 3.7226025801689e-09
8.239999991154 8.249999991143 3.7162564340964e-09
8.249999991143 8.259999991132 3.7099282383913e-09
8.259999991132 8.269999991121 3.7036183647224e-09
8.269999991121 8.279999991109 3.6973265152009e-09
8.279999991109 8.289999991098 3.6910523938774e-09
8.289999991098 8.299999991087 3.6847961497741e-09
8.299999991087 8.309999991076 3.6785577096292e-09
8.309999991076 8.319999991065 3.6723370005714e-09
8.319999991065 8.329999991054 3.6661339501121e-09
8.329999991054 8.339999991043 3.6599484861488e-09
8.339999991043 8.349999991031 3.6533623625937e-09
8.349999991031 8.359999991020 3.6467964290772e-09
8.359999991020 8.369999991009 3.6406671281345e-09
8.369999991009 8.379999990998 3.6345553352207e-09
8.379999990998 8.389999990987 3.6284605427795e-09
8.389999990987 8.399999990976 3.6223828998937e-09
8.399999990976 8.409999990965 3.6163225545155e-09
8.409999990965 8.419999990953 3.6102790024304e-09
8.419999990953 8.429999990942 3.6042523926900e-09
8.429999990942 8.439999990931 3.5982426569453e-09
8.439999990931 8.449999990920 3.5922499431229e-09
8.449999990920 8.459999990909 3.5862737513862e-09
8.459999990909 8.469999990898 3.5803142307333e-09
8.469999990898 8.479999990887 3.5743715290638e-09
8.479999990887 8.489999990875 3.5684451497662e-09
8.489999990875 8.499999990864 3.5625354559044e-09
8.499999990864 8.509999990853 3.5566419530066e-09
8.509999990853 8.519999990842 3.5507650033744e-09
8.519999990842 8.529999990831 3.5449043276866e-09
8.529999990831 8.539999990820 3.5390598610727e-09
8.539999990820 8.549999990809 3.5332315389874e-09
8.549999990809 8.559999990797 3.5274192972245e-09
8.559999990797 8.569999990786 3.5216230719086e-09
8.569999990786 8.579999990775 3.5158430107449e-09
8.579999990775 8.589999990764 3.5100786276521e-09
8.589999990764 8.599999990753 3.5043302818885e-09
8.599999990753 8.609999990742 3.4985976996330e-09
8.609999990742 8.619999990731 3.4928808186299e-09
8.619999990731 8.629999990720 3.4871797864549e-09
8.629999990720 8.639999990708 3.4814941221311e-09
8.639999990708 8.649999990697 3.4758241830249e-09
8.649999990697 8.659999990686 3.4701696986408e-09
8.659999990686 8.669999990675 3.4645306083075e-09
8.669999990675 8.679999990664 3.4589070594321e-09
8.679999990664 8.689999990653 3.4532987834940e-09
8.689999990653 8.699999990642 3.4477057207355e-09
8.699999990642 8.709999990630 3.4421278117109e-09
8.709999990630 8.719999990619 3.4365652036821e-09
8.719999990619 8.729999990608 3.4310176307099e-09
8.729999990608 8.739999990597 3.4254850342413e-09
8.739999990597 8.749999990586 3.4199675614243e-09
8.749999990586 8.759999990575 3.4144647431547e-09
8.759999990575 8.769999990564 3.4089771369729e-09
8.769999990564 8.779999990552 3.4035040702930e-09
8.779999990552 8.789999990541 3.3980458951617e-09
8.789999990541 8.799999990530 3.3926023500491e-09
8.799999990530 8.809999990519 3.3871735818403e-09
8.809999990519 8.819999990508 3.3817593302393e-09
8.819999990508 8.829999990497 3.3763595392958e-09
8.829999990497 8.839999990486 3.3709743557612e-09
8.839999990486 8.849999990474 3.3656035211675e-09
8.849999990474 8.859999990463 3.3602471821701e-09
8.859999990463 8.869999990452 3.3549050815080e-09
8.869999990452 8.879999990441 3.3495771646223e-09
8.879999990441 8.889999990430 3.3442635780098e-09
8.889999990430 8.899999990419 3.3389640662105e-09
8.899999990419 8.909999990408 3.3336787756144e-09
8.909999990408 8.919999990396 3.3284074519489e-09
8.919999990396 8.929999990385 3.3231502414999e-09
8.929999990385 8.939999990374 3.3179068911577e-09
8.939999990374 8.949999990363 3.3126775471059e-09
8.949999990363 8.959999990352 3.3074619573989e-09
8.959999990352 8.969999990341 3.3022600698656e-09
8.969999990341 8.979999990330 3.2970720305062e-09
8.979999990330 8.989999990318 3.2918977867164e-09
8.989999990318 8.999999990307 3.2867370888498e-09
8.999999990307 9.009999990296 3.2815900827397e-09
9.009999990296 9.019999990285 3.2764565198733e-09
9.019999990285 9.029999990274 3.2713363496029e-09
9.029999990274 9.039999990263 3.2662299136125e-09
9.039999990263 9.049999990252 3.2611365726811e-09
9.049999990252 9.059999990240 3.2560568641028e-09
9.059999990240 9.069999990229 3.2509903461268e-09
9.069999990229 9.079999990218 3.2459369693292e-09
9.079999990218 9.089999990207 3.2408968790322e-09
9.089999990207 9.099999990196 3.2358700253745e-09
9.099999990196 9.109999990185 3.2308561648445e-09
9.109999990185 9.119999990174 3.2258554425633e-09
9.119999990174 9.129999990162 3.2208678093920e-09
9.129999990162 9.139999990151 3.2158930234403e-09
9.139999990151 9.149999990140 3.2109312296290e-09
9.149999990140 9.159999990129 3.2059821871423e-09
9.159999990129 9.169999990118 3.2010460407579e-09
9.169999990118 9.179999990107 3.1961227425030e-09
9.179999990107 9.189999990096 3.1912120531554e-09
9.189999990096 9.199999990084 3.1863141172809e-09
9.199999990084 9.209999990073 3.1814288875917e-09
9.209999990073 9.219999990062 3.1765561264400e-09
9.219999990062 9.229999990051 3.1716959781692e-09
9.229999990051 9.239999990040 3.1668483961732e-09
9.239999990040 9.249999990029 3.1620131443488e-09
9.249999990029 9.259999990018 3.1571903668237e-09
9.259999990018 9.269999990006 3.1523800176506e-09
9.269999990006 9.279999989995 3.1475818622633e-09
9.279999989995 9.289999989984 3.1427960445622e-09
9.289999989984 9.299999989973 3.1380225192460e-09
9.299999989973 9.309999989962 3.1332612412351e-09
9.309999989962 9.319999989951 3.1285119779803e-09
9.319999989951 9.329999989940 3.1237750604576e-09
9.329999989940 9.339999989928 3.1190500691657e-09
9.339999989928 9.349999989917 3.1143369607237e-09
9.349999989917 9.359999989906 3.1096360650088e-09
9.359999989906 9.369999989895 3.1049469648617e-09
9.369999989895 9.379999989884 3.1002698034771e-09
9.379999989884 9.389999989873 3.0956043517662e-09
9.389999989873 9.399999989862 3.0909509381527e-09
9.399999989862 9.409999989850 3.0863091485628e-09
9.409999989850 9.419999989839 3.0816791258677e-09
9.419999989839 9.429999989828 3.0770608274612e-09
9.429999989828 9.439999989817 3.0724542109350e-09
9.439999989817 9.449999989806 3.0678592340842e-09
9.449999989806 9.459999989795 3.0632756711889e-09
9.459999989795 9.469999989784 3.0587036647005e-09
9.469999989784 9.479999989773 3.0541431729972e-09
9.479999989773 9.489999989761 3.0495941546511e-09
9.489999989761 9.499999989750 3.0450565684321e-09
9.499999989750 9.509999989739 3.0405301909602e-09
9.509999989739 9.519999989728 3.0360153463258e-09
9.519999989728 9.529999989717 3.0315116294715e-09
9.529999989717 9.539999989706 3.0270191822573e-09
9.539999989706 9.549999989695 3.0225379643876e-09
9.549999989695 9.559999989683 3.0180679357660e-09
9.559999989683 9.569999989672 3.0136090564724e-09
9.569999989672 9.579999989661 3.0091612867731e-09
9.579999989661 9.589999989650 3.0047244069598e-09
9.589999989650 9.599999989639 3.0002987382513e-09
9.599999989639 9.609999989628 2.9958838814105e-09
9.609999989628 9.619999989617 2.9914799775860e-09
9.619999989617 9.629999989605 2.9870869879482e-09
9.629999989605 9.639999989594 2.9827050526685e-09
9.639999989594 9.649999989583 2.9783337753640e-09
9.649999989583 9.659999989572 2.9739732968183e-09
9.659999989572 9.669999989561 2.9696234008846e-09
9.669999989561 9.679999989550 2.9652844059334e-09
9.679999989550 9.689999989539 2.9609560958950e-09
9.689999989539 9.699999989527 2.9566384331643e-09
9.699999989527 9.709999989516 2.9523312033281e-09
9.709999989516 9.719999989505 2.9480347233468e-09
9.719999989505 9.729999989494 2.9437487788837e-09
9.729999989494 9.739999989483 2.9394731568132e-09
9.739999989483 9.749999989472 2.9352081730371e-09
9.749999989472 9.759999989461 2.9309534388199e-09
9.759999989461 9.769999989449 2.9267092693643e-09
9.769999989449 9.779999989438 2.9224752772918e-09
9.779999989438 9.789999989427 2.9182517771069e-09
9.789999989427 9.799999989416 2.9140383827847e-09
9.799999989416 9.809999989405 2.9098354081310e-09
9.809999989405 9.819999989394 2.9056426426109e-09
9.819999989394 9.829999989383 2.9014598768839e-09
9.829999989383 9.839999989371 2.8972874237013e-09
9.839999989371 9.849999989360 2.8931249003867e-09
9.849999989360 9.859999989349 2.8889726189989e-09
9.859999989349 9.869999989338 2.8848301981862e-09
9.869999989338 9.879999989327 2.8806979493130e-09
9.879999989327 9.889999989316 2.8765756647298e-09
9.889999989316 9.899999989305 2.8724633100807e-09
9.899999989305 9.909999989293 2.8683606792714e-09
9.909999989293 9.919999989282 2.8642680822889e-09
9.919999989282 9.929999989271 2.8601853130900e-09
9.929999989271 9.939999989260 2.8561123379289e-09
9.939999989260 9.949999989249 2.8520491232088e-09
9.949999989249 9.959999989238 2.8479956354827e-09
9.959999989238 9.969999989227 2.8439518414485e-09
9.969999989227 9.979999989215 2.8399178781256e-09
9.979999989215 9.989999989204 2.8358933719233e-09
9.989999989204 9.999999989193 2.8318784603978e-09
