ObsId
8490
9546
9548
14904
4062
5885
9841
12264
12884
13454
15113
16454
23570
23831
24275
24276
24669
23728
23696
23635
24835
22542
23556
23631
23699
23695
23691
26139
23749
23568
23557
23572
26146
23812
26150
23740
23741
23394
23770
26175
23692
23725
26197
23744
23832
24472
24473
24474
24836
24837
24844
26137
26168
23719
26183
26166
26148
26135
23688
26186
26151
26145
23627
26147
23686
26159
26162
23705
26229
26286
22616
22617
22974
22975
22976
24892
20611
26156
23793
24234
24235
24843
23743
26184
22486
24778
26161
26155
23415
23808
24668
23417
26205
23731
23748
22354
23824
22442
22443
22444
23020
23021
23022
23023
23024
24635
24636
24637
24638
24858
24867
23822
24895
23603
23604
23605
23606
23729
23608
23609
23610
23611
23681
22326
23732
22461
24848
23727
23711
26174
23830
24512
24513
24855
24856
23564
23848
26172
23717
26201
26198
26176
26203
22585
24754
26202
26199
23677
24237
24238
24239
24240
24241
24860
24866
24900
24901
23560
23406
24385
24386
24387
24388
24389
24390
24868
24871
24878
24879
24880
23577
26214
26173
26149
26200
23702
23623
23697
26263
26267
22639
23853
24311
24312
24313
24314
24315
24918
23834
24917
26232
26231
24675
23777
23614
23326
23819
24725
23615
23616
26264
26265
24726
23618
22874
22474
24884
22476
24885
24886
23751
24930
23811
23636
24915
23620
23778
24916
23602
24476
24925
24927
23323
23621
23875
23876
24514
24515
22510
23799
24304
24945
24727
23752
23768
22636
22637
22638
22931
22932
22933
22934
22935
23332
24631
24632
24852
24865
24677
23742
24739
24940
24690
24728
23869
24336
24337
26223
23628
24299
24719
23775
22517
22506
23774
23860
26291
26292
23328
23821
26290
24729
24749
23558
24734
24786
24963
24964
24971
25093
23836
24499
24500
24501
24932
24955
23626
26334
22501
23760
22448
22449
24859
24912
23754
23763
23810
23561
22646
22647
23060
23061
23145
23154
23155
23176
23187
23772
26333
23805
23472
23473
23474
23475
23559
22651
22652
23059
24851
23759
23482
23483
23484
23485
24600
24601
23773
22648
22649
23182
22930
23361
24853
24854
25997
22314
25042
22350
23050
24642
24993
23376
24305
24306
24893
24896
26242
23393
24503
24991
23407
24307
24308
24309
24310
24914
23416
23418
26126
23419
24342
24343
24344
24345
25045
23861
23862
23863
23864
25107
25118
25808
25809
25119
26209
25120
26390
25124
25693
26225
26377
26378
26423
26431
26496
27596
27597
27327
27527
27540
27566
27572
27573
27574
27600
27601
27611
27612
27620
27621
27622
27623
27720
27788
27789
28976
29041
29057
29061
29075
29085
29086
29076
29088
29111
29112
29125
29150
29151
29152
29153
29154
29155
29181
29156
29157
29288
25173
27822
23432
24479
24480
24481
24482
24483
26177
26178
26180
23435
24663
23436
24664
23445
23446
25680
23477
23478
23479
23480
23481
25689
803
2025
23487
23488
23489
23490
23491
25130
25709
27594
25131
26371
27751
27459
25167
26008
26084
26085
27484
26247
26289
26421
26523
26524
26527
26528
27880
27707
28375
28867
28868
28925
28927
29059
22450
23536
24236
24954
23537
24426
24427
24428
24429
24430
24431
24432
24433
24434
24435
24436
24437
24992
26336
23538
24418
24419
24420
24421
25046
26426
23541
24391
23542
23554
24999
23555
23562
23565
23567
23579
23580
26218
23581
23582
25179
25182
25183
25184
25186
25188
25189
25190
25191
25203
25208
26305
26306
26307
26308
25218
25219
27567
26612
27686
27687
27688
26624
26625
27833
26626
27835
27895
27905
27906
27907
26627
27837
27838
28991
28997
28998
28999
29031
29032
29033
29034
29054
29055
29056
26648
29000
29001
29002
26649
26655
27099
27100
26660
27755
26663
26664
27862
27863
28374
27933
29035
29036
22475
25083
22477
25084
22481
22509
23599
24438
24439
24440
24441
24442
24979
24980
26354
23600
23601
24377
26284
23632
23634
26273
23638
24392
24393
25989
25990
25241
27565
27593
22601
22603
22966
22967
24968
25095
23327
23329
24332
24333
23648
24486
24487
25035
23654
23669
23670
23701
23704
23708
23734
23750
23753
23756
23757
23761
23762
23764
23765
23767
23769
23776
23779
23804
24334
27329
23813
23815
26219
23816
26414
23820
23827
26415
23837
24477
24478
24970
24735
26181
24752
24805
24806
24807
24808
24809
24810
24811
24812
26243
26346
26444
25252
26397
25257
25259
25261
25262
25264
25265
25266
25269
25271
25272
25273
25275
25280
25281
26315
25282
25286
25287
25288
25289
25290
25292
25296
27458
25311
25312
25313
25314
25315
25316
25317
25323
25324
25327
25332
25333
25351
25367
25368
25369
25384
25710
26245
26278
26279
25386
27346
25387
26251
26252
25392
25800
25801
25802
25803
26256
25404
26356
25443
25445
26331
25447
25448
26288
25451
25452
27613
27521
25456
25460
25463
25464
25529
25530
26028
26030
26031
26032
26033
26429
26430
26711
26712
27756
26713
27834
26714
26722
27129
26742
28967
26743
26744
26750
26752
26791
26792
27769
26849
26850
26855
26858
26860
26861
26862
26888
27861
27881
26892
27757
27758
26900
26901
26902
26906
26908
27324
27334
27943
27340
27364
27365
28923
27376
27657
27658
27659
27411
27442
27480
27454
27505
27519
27538
27550
27564
27589
27590
27591
27592
27599
27609
27616
27617
27618
27619
27647
27648
27650
27660
27661
27662
27663
27696
27697
27718
27750
27784
27820
27821
27850
27884
27953
28878
28917
28974
28989
28990
29012
29087
29109
29137
29179
29180
29146
29147
29148
29184
29185
29186
29187
29193
29210
29222
29225
29226
29227
29228
29261
29262
29287
29362
29364
25662
25663
25664
25665
25666
25667
27014
27178
27179
27180
27671
27015
27181
27706
27016
27182
27183
27184
27910
27921
27928
27929
27017
27185
27918
27922
28460
28661
28662
28663
28461
28664
28462
28665
28666
28667
28463
28668
22640
24627
24628
25688
22872
24648
23841
26116
26182
23842
24394
24395
24396
24397
24398
24399
24400
23844
24488
24489
24490
24491
27331
23845
24296
24297
24298
25101
23847
24475
26442
26480
23851
24350
24351
26152
26153
26443
23854
24444
24445
24446
24447
24957
26337
23855
24484
24485
26226
24743
24813
24814
26338
26347
24747
24748
24959
25469
27727
25488
25827
25828
26207
26208
27530
27531
25491
25492
25493
26043
26050
26056
26058
26060
26061
26063
26064
26112
26915
26916
26917
26920
26922
26923
27759
26931
27198
27199
27200
27201
27549
27560
27561
27562
27586
29006
29007
29026
29027
26937
28982
28983
28984
26949
27221
27222
27223
27224
27571
27582
27598
27607
27608
27343
27403
27404
29048
29049
29050
27526
27664
27665
27666
29060
29070
29149
25668
25669
25670
25671
25672
25673
26381
25674
26382
25675
25676
25677
25678
25679
27018
27019
27020
27806
27021
27022
27023
27024
27025
27026
27027
27028
27029
27864
27865
27866
27867
27868
27869
23877
25976
23878
25978
25979
27451
23879
25980
25981
27576
23880
27725
27726
27764
23881
27876
27877
27878
23882
28880
28881
28882
23883
29095
29096
29097
29098
27517
