ObsId
25999
26000
23320
23322
23324
23392
24504
24899
23393
24503
24991
23416
23861
23862
23863
23864
25118
25808
25809
25121
25122
26375
26376
26395
26409
26410
26424
26425
26437
27327
27527
27611
27620
27674
27720
27722
27795
27796
27871
27872
27888
27902
29156
29157
29229
29288
29352
29353
29381
29407
26411
26412
27813
27842
27903
27908
27909
23445
23446
25680
23477
23478
23479
23480
23481
25689
23487
23488
23489
23490
23491
25131
26371
27751
25167
26247
26289
26421
26518
27482
27524
28867
28868
28925
22450
23542
23562
23563
23565
23567
23579
23580
26218
23581
23582
24708
25182
25183
25184
25186
25187
25188
25189
25203
25205
27843
25212
27624
27625
27626
25218
25219
27567
25527
25528
27088
27089
27090
27091
27731
27752
27753
27754
26612
27686
27687
27688
26613
26616
27859
26617
26624
26625
27833
26626
27835
27895
27905
27906
27907
26627
27837
27838
28991
28997
28998
28999
29031
29032
29033
29034
29054
29055
29056
26631
26632
26638
28876
26639
28964
28965
28966
26649
26658
26660
27755
26663
26664
27862
27863
28374
27933
28358
28523
28525
28526
28527
29370
29377
29395
29397
29398
29399
29035
29036
29317
22475
25083
22477
25084
22481
22509
23599
24438
24439
24440
24441
24442
24979
24980
26354
23600
23601
24377
26284
23617
23619
23629
24502
25028
23632
23634
26273
23638
24392
24393
25989
25990
25222
25692
26253
27830
27831
25235
25240
27262
25241
25242
25812
25813
27832
25243
27698
27593
27766
27787
27794
29303
29304
29365
29373
22582
22583
23041
23042
23043
23221
23249
23254
25006
25007
22601
22603
22966
22967
24968
25095
23327
23648
24486
24487
25035
23649
24316
24317
25011
25014
23657
24378
24379
24380
24381
24382
24383
24384
26454
23658
23669
23670
23701
23704
23708
23733
23734
23750
23753
23756
23757
23761
23762
23764
23765
23767
23776
23779
23780
23781
23782
23783
23784
23785
23786
27270
23794
23795
26361
23796
26157
26158
23800
24443
23801
26351
23802
26362
23804
24334
27329
23813
23817
26241
23820
23827
26415
23828
26272
23829
24352
24353
24354
24355
24356
24357
25000
25001
25004
25023
27328
23835
24339
24956
23837
24477
24478
24970
24731
24732
24733
24735
26181
24736
24738
24751
24796
24797
24798
24799
24800
24801
24802
24803
24804
24995
26296
26363
24752
24805
24806
24807
24808
24809
24810
24811
24812
26243
26346
26444
25252
26397
25253
27802
27803
25257
25258
25259
25262
25263
25264
25265
25266
25271
25272
25273
25275
25276
25280
25281
26315
25282
25286
25287
25288
25289
25290
25291
25292
25311
25312
25313
25314
25315
25316
25317
25323
25324
25327
25329
25332
25333
25346
25348
25351
25367
25368
25369
25370
25905
26237
25371
25894
26300
27675
25372
25862
26379
27797
25373
25740
27478
27699
25381
25810
25811
26257
25384
25710
26245
26278
26279
25386
27346
25387
26251
26252
25441
25442
25445
26331
25447
25448
26288
25451
27521
25454
26357
25456
25457
25863
26417
25463
25464
25529
25530
25536
26028
26030
26032
26033
26034
27479
26035
26036
26350
26394
26398
26455
26701
26711
26712
27756
26713
27834
26714
26722
27129
26739
26740
26743
26744
26747
26749
26750
26751
26752
26753
26791
26792
27769
26849
26850
26853
26855
26858
26860
26861
26862
26888
27861
27881
26892
27757
27758
26899
26901
26902
26903
26906
26908
27248
27259
27266
27267
27341
27364
27376
27657
27658
27659
27411
27442
27480
27447
27454
27505
27550
27592
27609
27616
27617
27618
27619
27647
27648
27650
27660
27661
27662
27663
27696
27697
27718
27741
27749
27765
27781
27782
27783
27784
27785
27786
27793
27800
27811
27812
27829
27850
27883
27898
27899
27900
28917
29124
29146
29147
29148
29184
29185
29186
29187
29193
29210
29222
29225
29226
29227
29228
29261
29262
29287
29302
29319
29320
29333
29340
29341
29357
29361
29362
29363
29364
29385
29386
29387
29405
29406
22640
24627
24628
25688
22872
24648
23841
26116
26182
23842
24394
24395
24396
24397
24398
24399
24400
23844
24488
24489
24490
24491
27331
23845
24296
24297
24298
25101
23847
24475
26442
26480
23850
25002
25003
23851
24350
24351
26152
26153
26443
23852
24346
24347
24348
24996
26368
26369
23854
24444
24445
24446
24447
24957
26337
23855
24484
24485
26226
24743
24813
24814
26338
26347
24747
24748
24959
24960
25469
27727
25472
25473
25474
25475
25478
26043
26050
26063
26073
26100
27654
27655
26077
26106
26396
27818
27819
26112
26374
26413
26422
26436
26457
26920
26922
26923
27759
26934
27824
27825
27826
26938
27827
27403
27664
27665
27666
27849
27851
27875
29149
29334
29342
25668
25669
25670
25671
25672
25673
26381
25674
26382
25675
25676
25677
25678
25679
27018
27019
27020
27806
27021
27022
27023
27024
27025
27026
27027
27028
27029
23877
25976
23878
25978
25979
27451
23879
25980
25981
27576
23880
27725
27726
27764
23881
27876
27877
27878
23882
28880
28881
28882
23883
29095
29096
29097
29098
25103
25104
25105
25106
25993
27476
27477
25994
27703
25995
27882
22303
24756
23321
23377
23407
24307
24308
24309
24310
24914
23412
23414
25114
25115
25116
25119
26209
25120
26390
25124
25693
26225
26419
26423
26431
26447
26458
26476
27260
27475
27540
27541
27552
27553
27566
27572
27573
27574
27600
27612
27733
27873
27944
27945
27956
28376
28482
28489
28870
28976
29041
29057
29061
29075
29085
29086
29076
29088
29110
29111
29112
23325
24341
27322
27333
27467
27468
27732
27822
23424
24280
24281
24282
24283
24284
24285
24286
24287
24288
24289
24290
24291
24292
24293
24294
25086
26352
26446
26451
26452
27264
23440
24516
23492
23493
23494
23495
23496
23497
23498
23499
23500
23501
25157
26276
25162
26460
26249
26262
26407
26516
26520
26522
26546
26549
27065
28980
28981
29129
27068
29307
29308
26551
27069
27070
29336
29367
27071
27072
29196
27073
29215
26554
27075
27669
27975
26555
27077
27078
27080
26557
27081
27082
27605
27606
27083
27084
27481
27777
27778
27779
28042
28043
28045
22445
22704
24633
24634
23543
23576
24263
24264
24265
24266
24267
24268
24269
24270
24271
24272
24273
24274
25061
25988
24709
25179
25180
25181
25190
25191
25208
26305
26306
26307
26308
25216
25217
26441
26630
26641
26642
26643
26644
26645
26646
27950
27951
26648
29000
29001
29002
27263
27639
27643
27644
27645
27646
26986
27745
26987
26988
27760
26989
27761
26990
27762
26991
27773
28431
28432
28435
28436
22473
23062
25091
23613
24448
24449
24450
24451
24452
24453
24454
24455
24456
24457
24458
24459
24460
24920
26483
23630
23633
26120
25237
25804
25805
25806
25807
27485
27515
27516
27520
27533
27534
25239
26236
26675
27748
26678
27565
22543
25052
23683
23684
23769
23788
23797
23798
23806
23807
23809
23815
26219
23818
23826
26343
23833
24260
24261
24262
25251
25254
25739
26254
26391
26392
25261
25269
25277
25278
25279
25907
25908
25909
25910
25911
25912
25913
25914
25915
25916
25917
25918
25919
25920
25921
25922
25923
25924
25925
25926
25927
25928
25929
25930
25931
25932
25933
25934
25935
25936
25937
25938
25939
25940
25941
25942
25943
25944
25945
25946
25947
25948
25949
25950
25951
25952
25953
25954
25955
25956
25957
25958
25959
25960
25961
25962
25963
25964
25965
25966
25967
25968
25969
25970
25971
25972
25973
26280
27347
27449
27450
27556
27563
27575
27678
27679
27680
27681
27739
27780
27856
27857
27896
27974
28370
28483
28872
28886
28887
28910
28920
28934
28951
28952
25283
25284
25285
25295
25296
27458
25362
25363
26427
25364
25855
27330
27602
27603
27604
25376
25377
25380
27709
27710
25383
25829
25830
25831
25832
25833
25834
25835
25836
25837
26224
27543
25388
27627
27628
27629
25390
25397
25398
26433
25399
25400
25401
25402
25403
25443
25444
25446
25450
25452
27613
25458
25460
26029
26031
26384
27453
26429
26430
26456
26700
26706
27588
26708
27581
26730
27130
27131
27132
27133
27134
28935
28949
28950
28968
28969
28970
28971
26738
26742
28967
26745
26790
27162
27163
27164
27165
27166
27167
27168
28985
28986
29004
29005
29021
29022
29023
29024
29025
26848
26900
27323
27335
27336
27636
27637
28373
27324
27334
27943
27340
27342
27365
28923
27409
27410
27445
27455
27457
27460
27471
27472
27473
27483
27519
27525
27537
27538
27539
27551
27564
27599
27737
27738
27798
27820
27821
27870
27884
27897
27901
27953
27961
27970
27971
27972
28588
29276
29277
28294
28972
28481
28486
28487
28878
28906
28914
28915
28916
28929
28974
28989
28990
29012
29037
29038
29069
29039
29040
29071
29072
29087
23157
24338
26142
23839
24300
24301
24302
24303
26134
23840
26365
26366
23843
24505
24506
24507
24508
24509
24510
26215
26479
23856
26190
23858
24327
24328
24329
24969
23859
24517
26399
26400
24740
24741
24742
26234
24744
24745
26364
26373
24746
24928
24929
25481
25483
25488
25827
25828
26207
26208
27530
27531
25491
25492
25493
26051
26053
26056
26058
26059
26060
26061
26064
26066
26075
26101
26102
26103
26482
26915
26916
26917
26921
26925
26927
26931
27198
27199
27200
27201
27549
27560
27561
27562
27586
29006
29007
29026
29027
26937
28982
28983
28984
26940
26941
26946
27215
28921
28922
29065
26949
27221
27222
27223
27224
27571
27582
27598
27607
27608
26950
29047
27343
27404
29048
29049
29050
27446
27461
27462
27474
27526
27723
27790
27874
27885
27924
27955
28818
28869
28942
28960
28993
29060
29070
27864
27865
27866
27867
27868
27869
26696
27942
26697
3411
3412
3726
4418
5366
6315
6316
6317
6318
5368
6338
6339
6340
5369
6341
6342
6343
5370
6350
6351
6352
6281
6325
6326
6327
6328
6329
7405
8216
8217
8218
8219
8220
12317
12318
615
626
630
635
637
971
1873
2552
2578
2581
3759
3760
4470
4471
4484
4510
4514
5385
5386
5387
5421
6398
6423
6431
6439
7415
8588
7421
7425
7427
7429
7439
8559
7442
7446
7447
8904
9841
8915
8919
9923
9927
9931
10995
10996
11012
11014
11022
12326
12331
14235
12354
12364
12366
12369
12376
12380
12384
12385
12389
12393
12395
12396
12397
12398
13603
13606
13607
13608
13609
13612
13618
13624
13639
13642
13653
14421
13654
13659
13661
13665
14401
14402
14459
14474
15565
15566
15567
14530
14540
14588
14590
14593
14600
15536
15537
15624
15642
15702
15707
15708
15711
15713
15714
15716
15717
15720
15724
15725
15726
16577
16631
16647
18756
16649
16650
16651
16652
17534
16660
16661
16662
16666
16668
16683
17249
17254
17255
17256
17257
17321
17322
17728
17733
20066
17736
17745
17755
17759
17762
18724
18725
18894
18895
18896
20060
20061
18897
18898
20056
18899
18900
18901
18902
20057
18903
18917
18918
18919
18920
18925
18928
20138
20163
20164
20618
20619
21159
21160
21161
21182
21189
21191
21192
22012
22300
22301
22302
22332
22333
22351
23197
23323
23353
23355
23413
23860
24974
25088
26232
26267
946
1007
1899
2503
2676
2678
3778
5241
4530
4542
4543
4544
5436
7290
6266
6294
6560
7457
7458
8947
8954
8964
8972
9867
9868
9952
9963
11025
12403
12404
13676
14405
13677
16687
19711
23179
2707
3717
2751
3422
3784
3785
4562
4576
7509
9026
10025
10026
10027
11032
11033
11034
11075
12143
12439
12440
12441
12442
12443
12465
12473
12536
13018
13686
13722
13724
13725
13726
13727
13728
13731
14454
13734
14442
14471
14630
14675
15603
15756
15757
15758
15759
15760
15771
15782
15783
16476
16477
16561
16714
16743
16744
16746
16747
18801
17558
17559
17678
17786
17845
17863
17866
17867
17868
17869
18955
18988
19891
20180
20181
20207
20208
22080
20830
20860
20861
20936
20937
20938
20939
20945
20994
20995
21080
21090
21092
21203
21204
21205
22370
22372
22400
23160
23106
23116
23472
23473
23474
23475
23476
23482
23483
23484
23485
23486
24986
3662
731
732
735
768
952
1043
1047
1048
1959
1971
1972
2424
2760
2764
2779
2790
2791
2795
2824
3673
3436
3437
3835
3838
4385
4386
4387
4388
4389
4390
4391
4392
4393
4394
3920
3921
4404
4405
4417
4425
4604
4627
4628
4629
4630
4631
4632
4633
4642
4659
4660
5191
5518
5519
5577
5588
5589
5591
6269
6284
6293
6661
6727
6729
7564
7570
7577
7607
7609
7610
7643
8457
9093
9099
9104
9105
9107
9121
9122
9134
9135
9141
9853
9862
10118
10119
10122
10124
10125
10875
10127
10140
10573
10707
10863
10708
10878
10887
10709
10909
10710
10910
10912
11104
11105
11122
13199
11226
11237
11250
11827
12023
12024
12229
12301
12562
12563
12564
12618
12619
13256
12668
12696
12699
13262
13285
13435
13737
13738
14424
13739
13740
13741
13742
14423
13743
13763
13764
13765
13769
13772
14445
14446
13781
13782
13791
13796
14230
14237
14341
14382
14398
14412
14420
14435
14464
14683
14793
14794
14796
14807
14809
14815
14816
14817
16542
14828
14885
14886
15268
15362
15634
15635
15663
15869
15872
15873
15986
15999
16006
16556
16580
16601
16618
16755
16759
16768
16769
16821
16959
16960
16961
16962
18764
18765
18766
17455
17550
17586
17658
17672
17673
17878
19887
17890
17891
17893
18032
18802
18827
18879
18880
19023
19024
19025
19026
19028
19029
19030
19033
19034
19035
19036
19037
19038
19039
19040
19164
19278
19279
19294
19296
20977
19298
19304
19999
20055
20278
20279
20289
20290
21665
20291
20305
20315
20316
20319
20320
20728
20997
21082
20998
20999
21001
21005
21040
21302
21307
21322
22157
22158
21323
23183
23184
23185
21349
21371
21372
22736
22737
21660
22434
22448
24859
22449
24912
22677
24887
24888
24889
23133
23140
23141
23171
23172
23314
23315
23316
23331
23558
23559
23561
23566
23578
23869
24336
24337
26223
23870
24923
24924
24909
24910
25049
25050
25064
25093
25733
25734
1520
318
321
322
782
785
788
793
797
798
803
805
934
962
1563
1579
1586
1587
2014
2015
2016
2018
2020
2021
2024
2025
2026
2027
2028
2029
2030
2031
2032
2033
2035
2038
2039
2040
2043
2044
2060
2061
2062
2063
2064
2065
2068
2070
2071
2072
2073
2076
2078
2079
2402
2879
2883
2884
2916
2917
2918
2919
2920
2921
2922
2926
2927
2928
2929
2930
2933
2934
2939
2940
2941
2949
2955
3394
3925
3926
3928
3929
3932
3933
3950
3951
3952
4415
4687
4688
4689
4692
4693
4694
4695
4724
4725
4726
4727
4728
4729
4730
4731
5297
5300
4732
5309
4733
5322
5323
4734
5337
5338
5339
5340
4735
6114
6115
6118
4736
6152
4737
6169
6170
6175
4738
4739
4740
4741
4743
4745
5197
5902
5907
5908
6131
5909
6249
5911
5912
5913
5921
5922
5923
5924
7224
5929
5930
5931
5935
5936
5937
5938
5939
5940
5941
5942
5943
5944
5945
5946
5947
5948
5949
6096
6097
7069
7071
7073
7074
7075
7076
7077
7078
7079
7080
7081
7142
7143
7147
7148
7153
7154
8174
8176
8177
8179
8180
8181
8182
8507
8188
8190
8524
9509
9510
9511
9772
9512
9513
9514
9517
9519
9527
9528
9532
9533
9535
9536
9537
10868
9538
9539
9540
9541
9542
9543
9544
9545
9546
9548
9549
9551
9553
9556
9557
9558
9568
9776
9569
10528
10529
10530
10531
10532
10533
10534
10535
10540
10541
10542
10543
10544
10925
10545
11800
10548
10550
10565
10566
11260
11261
11268
12095
11269
12124
11270
11271
11274
11283
11285
11286
11287
11288
11289
11290
11293
11302
11310
11311
11313
11314
11316
11322
11325
11327
11329
11330
11337
11339
11361
11362
11363
11367
11368
11369
11373
11375
11376
11377
11379
11380
11381
11382
11383
11384
11385
12951
12952
12953
13246
13247
13253
13255
12955
12956
12975
14328
12976
12977
12978
12980
12982
12983
12984
12985
12986
12987
14391
12989
12992
12993
12994
12995
12996
13202
13241
13248
14332
14342
13012
13015
13295
13808
13810
13811
13812
13813
13814
13815
13816
15496
15553
13817
13819
13820
13821
13822
14383
14384
14419
13824
13829
14896
14900
14901
14902
14903
14905
14906
14907
14908
14909
14910
14911
14912
14913
14926
14932
14933
14934
14935
14936
14937
14939
15329
15382
15383
15385
15386
15387
15388
15389
15390
15648
16017
16018
16022
16023
16024
16025
16026
16027
17487
16030
16031
16032
16033
16260
16261
16262
16302
16346
16347
16354
16967
16968
16969
16971
18845
16973
16975
17006
17019
17020
17458
9552
17459
17461
17462
17578
18039
18040
18041
20076
18047
18048
19981
18049
18050
19688
19991
18051
18052
18817
19685
19992
19993
18053
18054
18875
19982
18062
18063
18064
18065
18066
18067
18068
18069
18070
18071
18455
18456
19305
19307
20947
19315
19318
19319
19320
19322
19324
19328
19329
19330
19331
20012
20013
20014
19332
21034
21035
19333
20934
20935
20946
19334
19335
19336
19338
19339
19341
19342
19343
19344
19346
19347
19349
19350
19351
19352
19353
19355
19357
19359
19360
19361
19362
19363
19364
19365
19366
19367
19369
19370
19371
19372
19373
19374
19375
19376
19377
19378
19379
19380
19381
19383
19384
19385
19386
19387
19388
19389
19390
19391
19392
19393
19394
19395
19398
19400
19401
19405
19406
19408
19411
19412
19413
19415
19417
19422
19424
19425
19427
19429
19433
19435
19438
19439
19440
19441
19442
20342
20924
20925
20926
20348
20351
20612
21068
21069
21376
23037
23200
21377
21378
22061
22062
22100
22101
22102
21381
21383
23033
23034
21384
21385
21386
22970
22971
23123
23269
23343
23344
21647
21648
21649
24981
22194
22474
24884
22476
24885
24886
22478
22479
22480
22482
22483
22484
22485
22487
22488
22489
22490
22491
22492
22493
22494
22495
22496
22497
22498
22499
22500
22501
22502
22503
22504
22505
22506
22507
22508
22510
22511
22512
22513
22514
22515
22516
22517
23351
23602
24476
24925
24927
23614
23615
23616
23618
23620
23621
23624
23625
23626
23628
24299
23636
24915
25012
25080
348
350
352
354
358
362
363
367
375
377
379
434
435
807
808
809
827
830
832
834
836
838
841
866
868
869
872
882
887
888
1588
1590
1592
1593
1596
1602
1618
1619
1622
1623
1625
1629
1630
1631
1641
1643
1808
2095
2453
2096
2097
2126
2127
2128
2130
2133
2134
2136
2137
2138
2139
2140
2141
2142
2143
2144
2145
2148
2149
2187
2194
2197
1031
2959
2976
2978
2979
2982
2984
2989
2990
2991
2992
2993
2997
2999
3000
3002
3004
3006
3007
3008
3009
4363
3013
3014
3025
3034
3040
3041
3042
3043
3044
3718
3047
3048
3049
3050
3053
3054
3059
3069
3072
3075
3083
4370
3102
3103
3104
3105
3129
3130
3482
3131
3132
3133
3134
3135
3136
3137
3138
3139
3140
3141
3142
3149
3150
3358
3569
3570
3571
3572
3956
3958
3960
3965
3966
3968
3971
3973
3974
3983
3984
3985
3986
3987
3988
4004
4007
4008
4009
4026
4028
4029
4030
4045
4054
4055
4056
4059
4060
4061
4077
4107
4108
4109
4110
4111
4112
4113
4114
4130
4132
4133
4134
4135
4136
4137
4139
4143
4146
4151
4152
4154
4158
5295
4763
4807
4812
4814
4815
4818
6267
4821
4822
4823
4824
4826
4841
4842
4844
4845
4846
4847
4867
4868
4871
4872
4873
4875
4876
4877
4878
4879
4902
4903
4906
4908
4909
4911
4913
4915
4916
5193
5194
5248
5301
5302
5602
5604
5606
5607
5608
5609
5611
5613
5615
5618
5625
5626
5627
5637
5644
6361
5645
5656
5696
5697
5708
5709
5729
5730
5733
5735
6367
6368
5736
6227
6771
6775
6779
6780
6781
6782
6783
6784
6785
6786
6787
6788
6789
6792
6793
6794
6795
6796
6797
6798
6799
6800
6801
6803
6804
6805
6806
6807
6841
6842
7265
6843
6857
6858
6859
6861
6862
6879
6880
6881
7370
6886
6888
6891
6903
6904
7302
7303
6907
6911
7359
8471
9595
7684
7728
8558
7743
7744
7751
7752
7753
7754
7755
7756
7757
7759
7760
7770
7771
7772
7773
7774
7775
7776
7782
7783
7784
7795
7796
7797
7798
7799
7800
8489
8490
7806
7807
7808
7810
7811
7812
7814
7824
7825
7826
7827
7828
7874
7875
7876
9832
7882
7883
7885
7886
8565
7887
7889
8244
8246
8247
8252
8253
8254
8255
8256
8257
8258
9180
9181
9182
9206
9217
9218
9226
9227
9228
9229
9230
9231
9800
9809
9232
9237
9238
9239
9240
9249
9251
9252
9253
9254
9255
9256
9257
9258
9260
9263
9264
9265
9266
9267
9268
9269
9270
9271
9272
9273
9274
9275
9278
9280
9282
9286
9287
9291
9295
9297
9302
9305
9307
9309
9316
9317
9323
9327
9330
9814
10230
10232
10235
10237
10239
10241
10242
10908
10244
10246
10249
10252
10268
10269
10270
10271
10272
10273
10297
10303
10304
10307
10308
10309
10311
10312
10313
10314
10315
10316
10317
10318
10324
10325
10326
10328
10329
10330
10331
10332
10346
10347
10348
10357
10361
10363
10379
12011
10381
12019
10382
10933
10389
10390
10395
10396
10398
10399
10400
10721
10722
10727
10728
10729
10730
10795
10796
11390
11391
11432
11433
11491
11492
11495
11501
11510
11533
11540
11541
11542
11543
11544
11545
11553
11554
11555
11562
11563
11564
11565
11566
11568
11569
11570
11571
12107
11572
11573
12120
11574
11576
11577
11579
11584
11588
11589
11590
11592
11645
11661
11662
11664
11665
11666
11669
11670
11671
11673
11674
11677
11678
11679
11688
11689
12106
12119
11696
11697
11698
11699
11705
11845
11857
12093
12094
12159
12242
12712
12713
12714
12715
12716
12717
12718
12719
12720
12737
12748
12749
12750
12751
12752
12753
12754
12765
12766
12768
12769
12770
12771
12797
13211
12801
12804
12806
12808
12825
12826
12827
12833
12834
12845
12846
12854
12855
12856
12857
12858
12859
12860
12863
12865
12869
12873
13132
13133
13134
13203
13418
13858
13859
13860
13861
13862
13863
13871
13875
13876
13877
13882
13883
13884
13885
13886
13887
13888
13895
13896
13901
13902
13903
13905
13906
13907
13926
13927
13928
13929
13930
13931
13932
13934
13935
13936
13947
13948
13949
13950
13951
13952
13953
13954
13955
13956
13957
13958
13962
13963
13966
14381
13969
13970
13971
13972
13973
13974
13976
14495
14496
14497
14498
14499
14500
14501
14502
14503
14504
14505
14506
14507
14508
14509
14510
14511
14512
14952
14958
14960
14961
14962
14964
14965
14966
14967
14968
14969
14970
14971
14984
14985
14987
14988
14992
14998
15000
15003
15004
15005
15007
15009
15010
15011
15012
15013
15016
15018
15019
15020
15021
15022
15618
15621
15023
15024
16599
16600
15027
15028
15029
15030
15031
15032
15033
15034
15035
15037
15038
16322
15048
15049
15051
15053
15055
15057
15062
15063
15064
15065
15067
15069
15070
15072
15077
15619
15078
15334
15584
16034
16056
16057
16058
16059
16060
16061
16062
16063
16064
16066
16067
16071
16077
16081
16082
16520
16521
16522
16087
16088
16091
17601
16092
16093
16103
16104
16108
16110
16111
16113
16114
16115
16117
16118
17031
17664
17033
17036
17037
17039
17040
17047
18826
17058
17061
17062
17063
17066
17067
17068
18746
17070
17071
17072
17073
17074
17075
17076
17077
17079
17081
17082
17083
17635
17084
17085
17086
18828
18829
17090
18762
18763
17091
17093
17098
17099
17107
17116
17117
17118
17121
17122
17123
17125
17604
17605
17606
17607
17126
17127
17129
17130
17131
18747
18860
17149
17150
17671
17151
17465
17466
17467
17468
17469
17538
17594
18095
18096
18097
18098
18099
18100
18101
18102
18103
18104
18105
18106
19954
20033
18121
18122
19973
18140
18141
18143
18149
18153
18154
18155
18157
18158
18159
18162
18163
18164
18166
18167
18169
18170
18171
18176
18177
18178
19783
19784
20009
18184
19959
19960
18185
18186
18187
19926
19987
19994
19995
20045
20046
20081
18190
18191
18193
18194
18196
18197
18198
18199
18200
18204
18205
18206
18207
18208
18209
18212
18345
18346
18347
20127
20128
19461
19462
19463
19464
19474
19478
19479
19481
19482
19483
19484
19485
19486
19487
19488
19490
19496
20888
20889
20890
20891
19497
20992
20993
21036
19499
19974
19975
19976
19977
19504
19506
20911
19507
20064
20065
19510
19515
19518
19521
20794
19522
19529
19530
19531
19532
20879
19533
20078
19561
21045
21046
19562
20893
19563
19617
19618
19619
19620
19621
19622
19623
19624
21976
19625
21995
19632
19633
19634
19635
19636
19637
19745
19990
20034
20035
20092
20960
20961
20114
20115
20124
20887
20391
20392
20396
21961
20397
20399
20400
20401
20402
20403
20404
20405
20406
20407
20408
20409
20410
20411
20412
20413
21960
20415
20420
20426
20427
20428
20429
20430
20431
20432
20433
20436
20437
20441
20443
20444
21863
20445
21054
21055
21056
21057
20448
21667
20461
20464
20465
20469
22165
22231
22232
22233
20490
20492
20494
20496
20497
20498
21039
21047
21048
22077
22078
20622
20623
20770
20771
20772
20773
20774
20775
20894
20895
21022
21023
21032
21075
21076
21091
21097
21152
21395
21396
21397
21398
21399
21400
21402
21412
22204
22205
21419
21420
21424
22034
21425
21426
21427
21428
21429
21430
21431
21434
22684
21436
21438
21441
21442
21447
21448
21450
21451
21457
21458
21464
21465
21470
21476
22071
21477
21479
21481
21482
21483
21484
22905
22921
22922
22923
22924
22925
22926
22927
22928
22929
23069
23175
23186
23190
23201
23205
23215
21491
21492
21493
21494
21495
21496
21502
21503
21504
21509
22050
21513
21514
21515
21517
21519
21521
21522
21523
21524
21525
21526
21527
21695
21696
21697
22040
22041
22056
22057
22059
22066
22067
22069
22088
22089
22090
22091
22114
22117
22118
22131
22132
22133
22152
22191
22208
22209
22210
22211
22212
22226
22227
22248
22249
22250
22251
22252
22267
22268
22269
22270
22523
23018
23153
23199
22525
22529
22530
22531
22532
22533
22865
22534
22535
22537
22539
22540
22541
22544
23222
22550
23234
22557
22558
22559
22560
22561
22565
23134
22566
23144
22567
23284
22568
23161
23162
22569
22570
22571
22573
22574
22576
22577
22584
22587
22589
22972
22973
23088
23243
22590
22600
22622
22624
23135
22708
22709
22710
23138
23143
23167
23168
23192
23194
23195
23196
23326
23348
23349
23653
23721
23742
23751
23752
23754
23755
23758
23759
23760
23763
23766
23768
23773
23774
23775
23777
23778
24916
24304
24945
23803
24461
24983
23805
23810
23811
23819
23821
23834
24917
23836
24499
24500
24501
24932
24955
24734
24786
24963
24964
24971
24739
24940
24755
24861
24911
24972
24973
26231
26263
26264
26265
26290
26291
26292
26332
26333
26334
26340
26360
1711
1712
3666
493
496
497
499
504
505
506
507
512
514
516
530
533
534
535
537
538
